(0, 0, 1) (0, 0,760845213036123, 0,447213595499958) (0,723606797749979, 0,235114100916989, 0,447213595499958) 
(0, 0, -1) (0,447213595499958, 0,615536707435051, -0,447213595499958) (0,723606797749979, -0,235114100916989, -0,447213595499958) 
(0, 0, 1) (0,723606797749979, 0,235114100916989, 0,447213595499958) (0,447213595499958, -0,615536707435051, 0,447213595499958) 
(0, 0, -1) (0,723606797749979, -0,235114100916989, -0,447213595499958) (9,31735882159376E-17, -0,760845213036123, -0,447213595499958) 
(0, 0, 1) (0,447213595499958, -0,615536707435051, 0,447213595499958) (-0,447213595499958, -0,615536707435051, 0,447213595499958) 
(0, 0, -1) (9,31735882159376E-17, -0,760845213036123, -0,447213595499958) (-0,723606797749979, -0,235114100916989, -0,447213595499958) 
(0, 0, 1) (-0,447213595499958, -0,615536707435051, 0,447213595499958) (-0,723606797749979, 0,235114100916989, 0,447213595499958) 
(0, 0, -1) (-0,723606797749979, -0,235114100916989, -0,447213595499958) (-0,447213595499958, 0,615536707435051, -0,447213595499958) 
(0, 0, 1) (0, 0,760845213036123, 0,447213595499958) (-0,723606797749979, 0,235114100916989, 0,447213595499958) 
(0, 0, -1) (0,447213595499958, 0,615536707435051, -0,447213595499958) (-0,447213595499958, 0,615536707435051, -0,447213595499958) 
(0, 0,760845213036123, 0,447213595499958) (0,723606797749979, 0,235114100916989, 0,447213595499958) (0,447213595499958, 0,615536707435051, -0,447213595499958) 
(0,447213595499958, 0,615536707435051, -0,447213595499958) (0,723606797749979, -0,235114100916989, -0,447213595499958) (0,723606797749979, 0,235114100916989, 0,447213595499958) 
(0,723606797749979, 0,235114100916989, 0,447213595499958) (0,447213595499958, -0,615536707435051, 0,447213595499958) (0,723606797749979, -0,235114100916989, -0,447213595499958) 
(0,723606797749979, -0,235114100916989, -0,447213595499958) (9,31735882159376E-17, -0,760845213036123, -0,447213595499958) (0,447213595499958, -0,615536707435051, 0,447213595499958) 
(0,447213595499958, -0,615536707435051, 0,447213595499958) (-0,447213595499958, -0,615536707435051, 0,447213595499958) (9,31735882159376E-17, -0,760845213036123, -0,447213595499958) 
(9,31735882159376E-17, -0,760845213036123, -0,447213595499958) (-0,723606797749979, -0,235114100916989, -0,447213595499958) (-0,447213595499958, -0,615536707435051, 0,447213595499958) 
(-0,447213595499958, -0,615536707435051, 0,447213595499958) (-0,723606797749979, 0,235114100916989, 0,447213595499958) (-0,723606797749979, -0,235114100916989, -0,447213595499958) 
(-0,723606797749979, -0,235114100916989, -0,447213595499958) (-0,447213595499958, 0,615536707435051, -0,447213595499958) (-0,723606797749979, 0,235114100916989, 0,447213595499958) 
(-0,723606797749979, 0,235114100916989, 0,447213595499958) (0, 0,760845213036123, 0,447213595499958) (-0,447213595499958, 0,615536707435051, -0,447213595499958) 
(-0,447213595499958, 0,615536707435051, -0,447213595499958) (0,447213595499958, 0,615536707435051, -0,447213595499958) (0, 0,760845213036123, 0,447213595499958) 